35.0005	35.0005	21.984	1.11011	0.100013	11.0997	-4.92770	-492.643
75.0775	75.0775	21.993	1.40316	0.125909	11.1443	-4.59999	-290.165
115.153	115.153	22.000	1.78369	0.158510	11.2528	-3.63605	-144.716
155.230	155.230	21.996	2.29282	0.199552	11.4899	-3.00406	-75.4392
195.305	195.305	21.994	2.87184	0.251221	11.4315	-3.54064	-56.1010
235.383	235.383	21.996	3.63616	0.316268	11.4971	-4.98336	-49.8208
275.458	275.458	21.998	4.59119	0.398159	11.5310	-5.39887	-34.0557
315.535	315.535	21.999	5.78625	0.501251	11.5436	-5.07287	-20.1903
355.611	355.611	22.006	7.29410	0.631038	11.5589	-3.55043	-8.91602
395.688	395.688	21.999	9.18781	0.794435	11.5652	-4.50343	-7.13554
435.763	435.763	22.003	11.6134	1.00013	11.6119	-3.41213	-3.41125
475.842	475.842	22.001	14.6461	1.25909	11.6323	-4.07133	-2.56819
515.918	515.918	22.005	18.5046	1.58509	11.6741	-2.93413	-1.16780
555.991	555.991	21.999	23.3612	1.99551	11.7069	-2.15943	-0.542288
596.066	596.066	21.997	29.5009	2.51220	11.7431	-1.88338	-0.298421
636.140	636.140	21.999	37.2404	3.16268	11.7750	-0.600630	-0.0600476
676.215	676.215	22.002	47.0342	3.98157	11.8130	0.357451	0.0225480
716.288	716.288	22.000	59.1769	5.01251	11.8058	1.75098	0.0696903
756.363	756.363	22.003	74.5544	6.31036	11.8146	3.45461	0.0867543
796.437	796.437	21.996	93.9107	7.94429	11.8212	5.97503	0.0946739
836.512	836.512	22.001	117.968	10.0013	11.7953	7.28627	0.0728439
876.585	876.585	21.998	148.419	12.5909	11.7878	8.30624	0.0523955
916.660	916.660	21.990	186.675	15.8510	11.7769	9.96535	0.0396626
956.734	956.734	21.999	234.680	19.9551	11.7604	11.4671	0.0287967
996.809	996.809	21.995	293.825	25.1221	11.6959	12.8716	0.0203949
1036.88	1036.88	21.992	370.618	31.6306	11.7171	14.7176	0.0147103

